1100
1100
1100
200
300
400
500
600
700
800
900
1000
1100
1200
1300
1400
1500
1600
1700
1800
1900
2000
2100
2200
2300
2400
2500
2600
2700
2800
2900
3000
3100
3200
3300
3400
3500
3600
3700
0
-1000
1000
1100
0
1200
-1000
1100
1200
1200
0
-1000
1100
1200
1300
1400
0
-1000
1100
0
-1000
1100
1200
0
-1000
1100
1100
1200
1300
1100
0
1100
-1000
1100
1200
0
-1000
800
0
100
-900
1100
1100
100
-900
0
1100
0
1100
1100
0
-1000
1100
1200
0
-1000
1100
1100
1000
1200
1100
200
1200
-800
4600
4000
3000
4700
2000
2100
1100
4700
100
200
-800
5100
5100
5100
5100
5200
4200
3200
3300
2300
1300
300
5100
5100
4000
4100
5000
5100
5100
5200
5000
5300
4300
3300
2300
1300
300
-700
5100
4000
5100
5100
5100
5100
5100
5200
4100
3100
2100
1100
1200
200
5200
-800
5100
4000
5100
5200
3000
3100
5200
3200
2200
1200
1300
300
-700
5100
4000
5100
4100
3100
5200
2100
5100
4000
3000
2000
1000
0
-1000
5100
5200
4000
3000
2000
2100
1100
5100
5200
100
-900
5100
4000
3000
2000
1000
5100
0
5200
-1000
5100
5100
4000
3700
3000
3800
2000
1000
0
3900
4000
-1000
5100
5000
4000
5100
3000
2000
1000
0
-1000
5100
4000
5100
4100
3800
3100
3900
2100
1100
100
4000
-900
5100
4000
5200
4100
5100
4200
3200
5200
4000
5100
5200
5100
4000
3000
5200
2000
5300
5400
5100
4700
5100
4300
4600
4100
4400
4200
5100
4700
5100
5200
4300
4400
4100
4200
4300
5100
5200
5300
5100
5100
5100
4600
4500
4700
4800
4000
3500
4900
3000
2500
2000
1500
4500
1000
500
4600
0
-500
5100
5100
4500
5200
4200
5300
3700
4600
4500
4200
4600
3800
4100
4200
3700
5100
0
5200
-500
5100
5100
5200
5300
0
4400
0
4600
-500
5100
5200
5300
3600
0
4100
-500
4500
4600
4000
